Credit Card Numbers
CCN
5370463888813020
4916481158148111
4916403492698783
5299156156891938
5293850200713058
5548024663365664
4539538574255825
4916976652406147
4556007212947415
4532422069229909
4916673475725015
5218014427039266
5399070641280178
5144869127761108
5527124750467780
4539003137030728
5180380736798221
5413442801450036
4532992930369308
5495860245086804
5325325695196624
4532006519685602
4716698449836160
4539821904847598
4532175360711112
5270426764505516
5252597142194116


4916481158148111
4916403492698783
5299156156891938
5293850200713058
5548024663365664
4539538574255825
4916976652406147
4556007212947415
4532422069229909
4916673475725015
5218014427039266
5399070641280178
5144869127761108
5527124750467780
4539003137030728
5180380736798221
5413442801450036
4532992930369308
5495860245086804
5325325695196624
4532006519685602
4716698449836160
4539821904847598
4532175360711112
5270426764505516
5252597142194116

